1
39
25
99
69
23
17
95
17
99
41
39
73
31
73
95
65
79
89
23
69
63
97
67
69
3
53
31
13
91
17
87
61
71
25
11
33
47
29
47
61
91
85
39
17
47
73
15
81
43
21
87
29
31
29
87
49
15
49
51
1
51
93
43
17
67
93
51
1
7
69
3
41
63
97
19
25
79
1
39
33
83
9
99
53
23
5
15
85
19
93
35
61
51
13
59
85
23
61
11
13
71
49
7
85
3
37
3
25
67
69
63
61
31
41
15
13
95
45
7
33
83
45
19
49
15
49
95
85
99
17
11
65
31
41
67
29
15
21
39
5
67
1
55
13
31
57
59
33
71
21
83
57
99
25
11
81
35
73
27
45
27
5
35
61
95
21
67
13
23
65
91
57
7
77
99
49
51
5
23
93
43
61
31
25
23
57
31
77
19
69
47
97
59
77
83
57
91
21
3
33
19
53
43
77
31
29
99
77
23
89
23
81
23
5
11
13
83
21
75
61
47
25
19
81
11
89
79
73
15
81
95
97
15
65
43
73
51
49
27
17
3
21
39
41
95
93
99
53
23
53
99
69
19
33
75
93
75
5
15
77
83
97
31
61
43
41
63
53
3
33
75
41
63
65
19
73
55
25
43
85
11
97
87
89
51
97
67
85
3
97
47
49
79
69
63
45
47
29
91
85
35
37
3
29
43
97
35
81
75
5
7
49
27
5
35
65
27
69
63
17
75
89
3
73
3
9
67
17
99
81
87
93
19
69
39
69
55
93
71
81
87
45
75
1
23
29
11
49
3
13
3
53
31
61
83
89
31
77
35
61
83
5
27
5
91
93
83
5
23
41
35
89
51
61
99
93
71
33
99
49
99
49
43
13
87
57
51
45
99
97
31
57
55
69
55
9
11
85
51
33
99
81
3
29
91
77
99
41
11
85
7
29
11
1
7
25
23
17
91
41
19
45
83
49
39
89
35
45
55
21
75
61
95
13
67
85
47
25
15
65
99
57
55
9
47
53
43
21
39
45
7
89
67
1
91
33
27
49
51
61
15
85
11
49
99
89
39
41
35
89
7
37
63
85
39
13
87
41
11
93
55
45
19
53
91
57
23
65
79
77
3
65
59
69
31
17
11
69
3
93
35
61
51
93
99
1
15
29
79
9
95
85
59
85
71
57
55
9
67
5
27
17
63
13
15
69
27
85
7
21
55
41
95
93
43
69
71
1
67
41
87
57
43
1
7
81
19
77
91
9
75
65
19
65
67
25
87
41
11
37
27
17
67
41
35
37
99
9
11
33
91
97
51
41
79
97
75
61
91
97
55
13
23
73
71
21
27
73
43
93
7
9
27
89
75
5
91
5
51
65
23
53
55
45
23
25
87
41
55
5
35
57
67
85
55
53
23
45
67
89
75
89
67
41
91
69
87
49
19
13
3
93
27
25
95
97
27
29
27
1
63
5
19
5
67
49
31
45
27
5
83
5
35
5
55
85
63
49
75
53
95
37
75
57
63
13
15
65
3
25
23
57
27
53
23
45
15
29
83
85
7
17
39
17
3
17
7
97
59
77
83
93
59
57
7
25
87
45
39
69
63
97
19
89
51
53
51
85
87
9
59
25
7
13
15
21
75
9
27
85
15
61
75
61
75
57
7
73
27
1
59
85
35
33
31
89
51
9
79
89
31
77
79
65
87
25
67
21
11
73
87
21
83
5
83
97
75
81
3
33
79
17
35
97
67
25
87
53
19
85
91
81
11
81
75
69
27
45
63
29
95
5
79
25
87
81
55
1
7
77
39
45
59
37
47
93
27
25
91
81
7
53
51
89
63
21
7
49
27
65
43
61
27
61
63
81
15
9
11
81
91
1
35
1
47
61
95
69
51
37
63
85
91
85
87
45
87
5
47
81
55
93
63
41
79
97
67
73
31
69
87
49
11
61
19
53
95
93
95
25
91
77
87
77
19
69
43
93
55
49
39
41
43
33
51
49
39
33
39
45
59
97
91
25
75
29
95
57
27
97
31
69
71
13
23
77
99
89
87
25
59
21
95
17
51
53
51
21
63
37
47
45
99
33
47
29
7
77
35
77
79
89
11
65
35
69
47
17
15
41
3
49
7
1
43
97
51
25
79
97
79
89
23
81
67
25
47
97
51
33
79
81
11
45
7
33
39
77
3
25
67
77
43
69
75
69
83
81
35
73
15
29
31
25
23
61
47
81
7
13
19
85
35
45
51
45
11
1
15
25
3
45
75
53
79
5
11
65
35
