1
19
25
59
49
3
57
75
17
19
41
59
33
51
73
75
65
19
9
43
49
3
57
27
49
3
73
11
33
51
57
27
1
51
25
11
33
67
9
27
1
51
25
59
17
67
73
75
1
3
41
27
49
51
9
27
49
35
9
11
1
51
73
43
17
67
73
11
1
67
9
43
1
3
57
59
65
19
41
59
33
3
9
59
33
3
25
75
65
19
73
75
1
51
73
59
65
3
41
11
33
51
9
27
65
3
57
43
65
67
9
43
1
51
41
75
33
35
25
27
33
3
25
59
49
35
9
75
65
19
57
11
65
51
41
27
49
35
41
59
65
67
41
75
33
51
57
59
33
51
41
43
17
19
25
11
1
35
73
27
65
67
25
75
1
35
41
27
33
3
25
11
17
67
57
59
49
51
25
43
33
3
41
11
65
3
57
11
17
19
9
27
17
19
57
43
17
51
41
43
33
19
73
43
17
51
9
59
17
3
9
43
1
3
25
11
33
3
41
75
1
67
25
59
1
51
9
59
33
35
41
75
17
35
25
43
33
51
9
27
17
3
41
59
1
35
73
59
33
3
73
59
49
19
73
75
33
35
25
75
17
3
57
11
1
3
41
43
33
3
73
75
1
3
25
59
33
35
25
43
65
51
57
27
49
51
57
27
65
3
57
27
49
19
9
43
65
67
9
11
65
35
57
43
49
3
57
75
1
35
25
27
49
67
25
75
65
67
9
43
17
35
9
43
33
3
9
27
17
19
41
27
33
19
9
59
49
35
73
11
1
67
25
75
1
3
9
11
49
3
73
43
33
51
41
43
49
51
57
75
1
3
25
27
65
51
73
43
65
3
41
75
49
51
41
59
33
51
73
59
49
19
9
43
33
67
57
11
65
19
57
11
17
35
9
75
49
51
25
11
33
19
41
43
49
51
57
59
1
51
25
27
49
51
41
27
65
3
57
11
1
19
25
43
49
19
9
75
65
35
41
75
1
35
73
27
65
67
25
75
65
19
57
75
49
67
73
43
1
19
25
27
49
67
41
11
33
67
9
11
1
35
25
11
49
19
9
59
1
35
9
27
17
3
25
59
33
67
41
11
33
35
25
59
33
51
57
43
65
19
57
43
65
19
9
11
17
51
9
43
33
35
41
11
33
19
41
75
49
19
9
75
65
19
25
11
17
35
9
27
65
67
57
43
33
35
9
27
65
67
41
75
1
35
73
43
49
51
41
27
1
67
57
43
1
67
41
59
17
51
9
75
65
19
25
27
65
67
41
11
17
67
57
27
1
35
57
59
49
51
73
11
17
51
41
59
17
35
41
11
17
35
73
43
33
51
41
27
33
3
73
27
49
67
9
75
65
51
25
11
65
3
73
75
65
3
25
27
1
35
25
75
17
67
25
75
33
3
25
27
49
35
9
27
1
51
9
27
49
19
73
43
33
67
25
75
17
67
9
27
1
3
25
59
65
67
9
11
65
67
25
43
65
35
25
75
65
3
9
75
33
35
57
75
17
3
73
75
65
3
25
43
17
67
73
43
65
35
9
43
65
67
57
59
17
3
57
27
17
19
57
43
33
19
57
27
65
67
25
59
49
3
57
59
49
51
73
11
65
67
9
59
65
67
73
75
1
35
9
27
65
35
41
75
1
35
57
27
33
67
41
59
65
35
73
11
49
51
9
59
49
51
57
59
65
67
25
27
1
51
73
27
1
3
25
43
17
35
41
43
33
19
57
75
17
67
25
27
33
19
25
11
1
51
41
75
49
67
25
43
49
35
25
59
65
67
41
75
1
67
57
59
65
19
57
27
33
67
25
11
1
67
73
11
49
3
41
27
49
67
25
43
1
67
41
43
1
35
9
11
1
51
41
75
1
67
41
75
49
51
57
43
65
51
25
27
65
67
25
27
1
35
73
43
1
19
57
27
33
51
9
27
49
51
41
59
33
35
73
75
65
51
57
27
17
19
9
43
33
35
9
59
1
3
73
11
49
19
73
59
65
19
57
11
65
35
9
75
17
67
57
11
49
51
73
43
17
19
9
27
65
19
41
75
17
51
73
11
1
3
57
27
65
19
73
27
49
67
57
75
17
19
9
11
65
35
9
27
17
35
41
43
49
67
41
43
17
51
25
59
17
19
9
43
1
67
25
27
17
51
73
59
1
51
25
27
33
19
57
43
65
67
57
43
49
35
9
43
1
35
73
75
49
51
25
43
1
67
41
27
33
19
25
75
65
51
25
11
1
35
25
43
65
35
73
59
65
51
25
75
