1
19
15
9
9
63
27
45
27
79
51
79
43
21
33
5
55
39
9
63
9
3
37
67
79
23
33
1
83
11
87
77
11
51
65
21
53
77
9
67
61
71
15
29
77
7
3
45
11
83
11
77
79
61
29
47
69
5
39
71
71
71
43
3
67
67
3
31
51
17
89
73
21
33
57
59
55
69
61
39
73
83
49
59
13
73
75
35
85
39
33
65
51
81
3
19
35
63
21
61
73
41
49
67
85
63
7
43
25
57
89
73
11
21
41
5
83
55
5
47
43
53
45
49
79
5
39
5
15
69
57
81
25
61
61
87
49
75
71
59
65
87
51
25
23
41
87
49
23
71
11
43
17
89
45
61
61
35
83
17
85
87
65
5
61
75
81
67
33
83
45
1
37
67
17
39
29
41
85
13
33
53
31
31
45
43
57
31
47
89
59
17
17
39
67
13
67
1
81
13
83
59
53
43
37
81
59
89
27
43
39
13
21
33
85
81
53
53
31
55
51
57
35
29
11
61
49
39
63
75
11
45
57
75
65
33
63
81
9
17
7
3
21
19
1
15
53
79
73
73
23
69
79
19
43
35
13
5
65
65
57
3
17
61
71
33
81
23
63
43
23
35
51
53
15
49
3
75
25
63
25
81
67
47
49
51
17
27
75
13
57
17
49
79
29
83
15
87
79
61
15
15
17
43
39
13
87
55
21
5
55
67
49
37
85
35
75
7
59
83
47
85
59
63
3
53
59
67
37
69
1
77
3
69
89
79
9
35
73
61
41
67
85
45
21
53
39
51
69
73
83
73
13
61
31
73
79
21
17
55
21
63
75
87
75
41
83
63
15
73
71
25
89
21
21
89
23
71
63
19
49
19
19
43
73
37
67
41
55
9
37
61
57
35
19
65
39
61
15
1
23
29
1
43
79
21
17
69
1
81
75
67
49
51
31
87
35
53
17
61
71
29
75
43
9
89
79
85
65
75
31
75
81
5
83
27
45
37
25
45
45
69
47
35
29
87
43
53
31
69
45
57
79
37
51
21
13
17
19
51
31
25
75
41
59
89
89
79
61
25
89
87
67
83
85
19
3
17
71
41
43
55
85
39
33
51
57
63
55
19
27
43
25
19
69
11
37
81
39
3
13
65
51
81
23
39
51
45
29
49
19
85
55
29
25
41
7
85
59
67
85
87
27
23
33
5
79
17
45
37
21
35
21
15
53
13
89
81
31
87
11
27
77
73
81
57
11
79
77
21
39
55
55
29
35
77
85
7
21
11
67
47
87
37
41
65
7
59
59
41
23
11
77
51
1
59
47
35
1
51
27
35
33
73
13
61
31
7
33
83
83
17
89
17
49
85
45
41
35
31
65
83
3
15
35
23
65
27
51
35
45
45
17
67
55
35
33
63
25
47
29
45
19
7
61
71
29
47
59
49
43
73
23
7
15
75
7
87
19
37
51
63
5
69
5
67
59
31
15
77
5
43
85
85
25
25
15
83
89
5
63
25
57
55
7
73
53
35
65
23
65
3
87
17
53
23
55
85
39
33
65
27
37
69
77
73
67
87
37
79
37
13
63
29
67
37
55
87
65
19
79
33
37
29
59
51
83
11
15
77
19
9
25
27
13
15
11
55
89
77
35
5
71
45
71
55
27
37
3
7
1
19
25
45
3
11
39
31
29
19
19
61
77
79
85
7
45
27
51
21
13
17
51
73
55
33
87
55
11
83
63
19
7
75
37
87
85
7
63
79
35
1
51
51
51
75
29
87
5
53
69
75
85
29
25
17
1
85
51
67
57
19
65
49
27
57
33
17
75
61
41
67
43
1
59
33
51
47
79
37
75
13
81
47
41
13
31
55
89
11
61
11
1
35
21
57
21
25
89
11
37
33
55
71
35
7
45
27
75
27
51
35
83
3
81
9
17
7
3
31
79
67
89
21
41
19
63
65
3
35
65
61
27
87
47
49
89
3
3
25
9
19
71
23
63
1
79
29
13
59
85
79
17
31
85
75
59
25
17
67
17
11
69
41
13
13
27
69
39
87
5
29
11
75
77
71
3
71
11
43
17
47
25
49
3
37
39
57
67
65
47
39
19
81
45
15
69
47
87
5
71
83
39
37
51
63
47
51
35
69
47
49
9
63
51
57
25
87
37
41
3
19
11
71
85
47
43
29
67
23
75
87
27
43
29
5
49
3
41
25
23
65
79
41
75
43
71
87
11
27
63
59
15
85
15
31
75
81
1
25
75
3
25
15
73
29
85
41
45
15
