1
19
35
39
59
3
47
45
57
19
21
69
63
1
33
35
65
39
69
63
69
23
17
47
69
13
53
1
43
61
47
37
31
61
5
41
13
47
59
47
41
21
35
9
7
7
13
15
31
3
41
67
9
21
69
37
19
15
59
31
61
41
23
13
57
27
33
1
21
37
19
3
21
63
47
19
15
59
21
49
13
43
49
69
53
23
45
15
45
29
13
15
41
41
53
29
35
53
1
31
13
31
9
67
15
13
57
63
15
47
29
43
21
51
1
25
23
65
65
37
33
63
45
29
59
45
19
45
65
19
17
1
5
31
11
67
69
55
11
49
45
37
61
45
23
1
7
9
13
21
31
43
37
69
45
11
21
15
63
57
65
17
65
15
41
5
11
67
23
13
45
61
7
27
17
69
39
21
65
3
63
23
1
21
45
23
47
51
47
19
29
27
27
59
17
3
17
51
11
3
13
39
33
33
17
51
69
49
57
53
49
3
31
53
15
31
3
43
31
55
51
57
45
59
41
41
29
49
33
35
41
35
17
65
15
63
33
51
9
37
47
53
1
29
1
25
23
29
13
3
63
69
69
49
33
25
3
25
5
5
17
23
7
21
51
13
1
53
63
53
53
5
41
13
25
9
3
5
15
43
65
1
27
37
59
21
37
67
35
3
17
27
19
59
29
53
55
27
29
11
15
25
37
43
29
43
67
25
1
15
55
67
59
7
45
55
65
47
69
13
7
5
59
63
23
13
69
27
7
9
1
17
23
19
69
9
29
45
53
31
11
7
25
15
41
63
9
11
19
63
53
43
3
61
1
63
29
61
57
15
31
13
45
47
15
41
63
43
5
3
31
65
29
41
21
59
13
61
3
39
9
29
69
23
53
17
57
1
65
29
57
21
67
25
49
55
29
41
55
41
53
9
41
3
9
61
27
69
41
11
45
7
69
1
61
7
5
23
47
51
11
49
55
3
49
9
9
55
25
5
61
5
41
15
23
37
15
47
55
45
55
29
17
5
39
47
13
63
61
9
65
27
9
67
41
61
43
47
9
51
61
25
55
21
39
69
49
69
21
5
39
47
47
23
5
9
43
27
41
61
43
35
45
59
53
31
57
63
15
59
7
13
25
9
39
1
17
21
9
3
53
35
11
31
3
19
51
65
59
59
9
25
45
69
55
11
37
65
9
7
5
37
37
53
53
5
19
57
65
27
31
35
1
5
43
13
29
21
51
47
21
17
7
3
61
57
61
39
57
61
29
55
45
9
55
27
65
17
41
11
57
57
37
37
51
65
47
69
49
11
33
51
67
11
1
69
7
5
11
21
27
65
43
33
33
51
21
27
43
3
3
47
69
47
59
45
55
51
45
31
15
43
53
35
35
23
55
17
61
25
55
35
17
7
5
25
33
43
5
17
9
5
29
37
41
41
39
27
9
69
63
13
23
67
55
5
37
37
39
17
31
33
45
9
55
17
49
11
45
17
35
33
35
65
15
5
35
13
29
45
43
5
27
25
57
23
33
15
25
3
25
53
57
27
23
23
45
5
9
43
25
7
37
19
47
53
47
47
47
9
27
23
33
49
7
67
35
27
45
39
49
13
67
29
49
31
13
31
35
57
39
69
5
37
13
25
21
15
29
27
65
65
1
15
1
55
7
47
43
57
1
29
35
55
13
61
39
11
19
59
19
51
17
39
55
27
15
57
31
21
33
67
1
43
15
53
7
65
1
3
43
69
37
55
7
37
65
67
63
29
15
51
31
41
1
55
29
27
65
63
39
15
65
69
15
17
11
65
11
17
37
9
25
9
37
37
63
67
45
61
21
7
3
1
39
13
41
47
29
7
25
63
11
47
31
53
51
15
39
51
1
61
51
25
41
57
41
25
49
21
47
23
5
21
35
67
15
47
5
27
11
55
43
43
11
29
27
17
33
21
49
47
39
21
41
69
43
45
23
35
25
21
7
27
17
9
29
23
53
15
69
9
51
3
13
61
49
49
3
19
65
19
7
21
5
15
69
45
57
17
67
61
9
51
63
33
17
49
69
7
5
59
51
55
67
1
33
1
11
33
17
37
45
19
23
47
39
57
37
45
67
29
39
41
35
15
19
37
17
35
11
53
9
7
31
53
27
1
65
29
67
49
39
3
51
67
25
37
7
11
3
69
61
11
55
7
13
39
57
13
55
37
7
33
19
15
69
33
21
15
63
55
19
61
55
3
1
47
51
57
23
69
65
25
55
11
25
51
21
65
25
53
35
45
3
19
65
31
55
15
