1
19
45
39
9
3
57
15
57
19
21
19
13
51
33
35
25
39
9
3
9
3
37
7
49
23
33
31
53
11
57
47
41
51
5
51
53
47
9
7
1
11
45
59
17
7
33
15
41
23
41
47
49
31
29
47
9
35
9
11
41
11
13
3
37
7
33
31
21
47
29
43
21
3
57
59
25
39
1
39
13
23
49
59
13
43
45
35
25
39
33
35
21
51
33
19
5
3
21
31
13
11
49
7
25
3
37
43
25
27
29
43
41
51
41
35
53
55
5
47
13
23
45
19
49
35
9
35
45
39
57
51
25
31
1
27
49
15
41
59
5
27
21
55
53
11
57
19
53
11
41
43
17
59
45
31
1
35
53
47
25
27
5
35
1
15
21
7
33
23
45
31
37
7
17
39
29
11
25
43
33
23
1
31
45
43
57
31
17
59
29
47
17
39
37
43
37
31
21
43
53
59
53
43
37
51
29
59
57
43
9
43
21
3
25
51
53
23
1
55
21
27
5
59
41
31
49
39
33
15
41
15
57
15
5
3
33
51
9
47
37
3
21
19
1
15
53
19
13
43
53
39
49
19
13
35
13
35
5
35
57
3
17
31
41
3
21
23
33
43
53
35
21
23
45
19
33
15
25
3
25
51
37
47
49
51
17
27
45
43
57
47
49
19
29
23
45
27
49
31
45
15
17
43
9
43
57
55
21
35
25
7
49
7
25
35
45
7
29
23
17
55
29
3
33
23
29
7
37
39
1
47
33
39
29
19
9
35
13
31
41
7
25
15
21
23
9
51
9
43
53
43
13
31
1
43
49
51
17
55
21
3
45
27
45
11
53
3
45
43
41
55
29
51
21
59
53
11
33
19
49
19
49
43
13
7
37
11
25
39
37
31
57
35
49
35
9
31
45
31
53
59
1
43
49
51
17
39
1
51
45
7
49
51
1
27
5
23
17
31
41
59
45
43
9
59
49
55
5
15
1
15
21
35
53
27
45
7
25
15
45
39
17
35
29
27
13
23
1
39
45
27
49
7
21
51
13
47
49
51
1
55
45
11
29
59
29
19
1
55
29
27
37
23
25
19
33
47
41
11
13
55
25
39
33
51
57
3
25
19
57
43
25
19
9
11
37
51
9
3
13
35
21
51
53
39
21
15
29
19
49
55
25
59
25
11
37
55
29
7
25
27
57
23
33
35
49
47
45
7
21
35
21
15
53
43
29
51
1
27
41
27
17
43
21
27
41
19
17
51
9
55
25
59
5
47
25
7
21
11
37
47
57
7
41
35
37
59
29
11
53
11
17
51
1
59
17
35
1
51
57
35
33
43
13
31
1
7
33
23
53
47
29
47
49
55
45
11
5
31
5
23
33
15
5
23
5
27
21
35
45
15
17
7
25
35
33
3
25
47
29
15
49
7
1
11
29
47
29
19
13
43
53
7
45
15
37
27
49
7
21
3
5
39
5
7
29
31
45
47
5
43
25
55
25
55
45
23
29
35
33
55
57
55
37
43
53
35
5
23
5
3
57
47
53
23
25
55
9
3
5
27
37
39
17
43
37
27
37
19
37
43
33
59
37
7
25
27
5
19
49
3
37
59
29
51
53
11
45
47
49
39
25
27
13
15
41
55
29
47
5
35
41
15
41
55
57
7
33
7
1
19
25
15
33
11
9
31
29
19
49
31
17
19
25
7
45
27
21
51
13
47
21
43
25
3
57
55
41
23
33
19
37
15
37
27
25
7
33
19
5
31
21
51
21
15
29
27
5
23
9
15
25
59
25
47
1
55
21
7
57
19
5
19
57
27
33
47
45
31
41
7
13
31
29
3
21
47
49
7
45
43
21
47
41
43
1
55
29
11
1
11
1
35
21
27
21
55
29
11
37
3
25
11
5
7
45
27
45
27
21
35
53
3
21
39
17
7
33
31
49
7
29
51
41
19
33
35
33
35
5
31
57
27
17
19
29
3
33
55
9
19
41
23
33
31
49
59
13
59
25
19
17
31
25
15
29
55
17
7
17
11
9
11
13
43
57
39
9
27
5
59
41
15
17
11
33
11
41
43
17
47
25
19
33
7
9
27
37
35
17
39
49
51
45
15
9
47
57
35
41
23
9
7
21
3
17
51
5
39
17
19
9
3
21
27
25
27
37
11
33
19
41
11
25
47
13
59
37
23
45
27
57
43
29
35
49
3
41
55
53
35
49
11
45
43
41
27
41
27
33
59
45
55
45
31
45
51
1
55
45
3
25
15
13
59
25
11
45
15
