1
39
25
49
19
23
17
45
17
49
41
39
23
31
23
45
15
29
39
23
19
13
47
17
19
3
3
31
13
41
17
37
11
21
25
11
33
47
29
47
11
41
35
39
17
47
23
15
31
43
21
37
29
31
29
37
49
15
49
1
1
1
43
43
17
17
43
1
1
7
19
3
41
13
47
19
25
29
1
39
33
33
9
49
3
23
5
15
35
19
43
35
11
1
13
9
35
23
11
11
13
21
49
7
35
3
37
3
25
17
19
13
11
31
41
15
13
45
45
7
33
33
45
19
49
15
49
45
35
49
17
11
15
31
41
17
29
15
21
39
5
17
1
5
13
31
7
9
33
21
21
33
7
49
25
11
31
35
23
27
45
27
5
35
11
45
21
17
13
23
15
41
7
7
27
49
49
1
5
23
43
43
11
31
25
23
7
31
27
19
19
47
47
9
27
33
7
41
21
3
33
19
3
43
27
31
29
49
27
23
39
23
31
23
5
11
13
33
21
25
11
47
25
19
31
11
39
29
23
15
31
45
47
15
15
43
23
1
49
27
17
3
21
39
41
45
43
49
3
23
3
49
19
19
33
25
43
25
5
15
27
33
47
31
11
43
41
13
3
3
33
25
41
13
15
19
23
5
25
43
35
11
47
37
39
1
47
17
35
3
47
47
49
29
19
13
45
47
29
41
35
35
37
3
29
43
47
35
31
25
5
7
49
27
5
35
15
27
19
13
17
25
39
3
23
3
9
17
17
49
31
37
43
19
19
39
19
5
43
21
31
37
45
25
1
23
29
11
49
3
13
3
3
31
11
33
39
31
27
35
11
33
5
27
5
41
43
33
5
23
41
35
39
1
11
49
43
21
33
49
49
49
49
43
13
37
7
1
45
49
47
31
7
5
19
5
9
11
35
1
33
49
31
3
29
41
27
49
41
11
35
7
29
11
1
7
25
23
17
41
41
19
45
33
49
39
39
35
45
5
21
25
11
45
13
17
35
47
25
15
15
49
7
5
9
47
3
43
21
39
45
7
39
17
1
41
33
27
49
1
11
15
35
11
49
49
39
39
41
35
39
7
37
13
35
39
13
37
41
11
43
5
45
19
3
41
7
23
15
29
27
3
15
9
19
31
17
11
19
3
43
35
11
1
43
49
1
15
29
29
9
45
35
9
35
21
7
5
9
17
5
27
17
13
13
15
19
27
35
7
21
5
41
45
43
43
19
21
1
17
41
37
7
43
1
7
31
19
27
41
9
25
15
19
15
17
25
37
41
11
37
27
17
17
41
35
37
49
9
11
33
41
47
1
41
29
47
25
11
41
47
5
13
23
23
21
21
27
23
43
43
7
9
27
39
25
5
41
5
1
15
23
3
5
45
23
25
37
41
5
5
35
7
17
35
5
3
23
45
17
39
25
39
17
41
41
19
37
49
19
13
3
43
27
25
45
47
27
29
27
1
13
5
19
5
17
49
31
45
27
5
33
5
35
5
5
35
13
49
25
3
45
37
25
7
13
13
15
15
3
25
23
7
27
3
23
45
15
29
33
35
7
17
39
17
3
17
7
47
9
27
33
43
9
7
7
25
37
45
39
19
13
47
19
39
1
3
1
35
37
9
9
25
7
13
15
21
25
9
27
35
15
11
25
11
25
7
7
23
27
1
9
35
35
33
31
39
1
9
29
39
31
27
29
15
37
25
17
21
11
23
37
21
33
5
33
47
25
31
3
33
29
17
35
47
17
25
37
3
19
35
41
31
11
31
25
19
27
45
13
29
45
5
29
25
37
31
5
1
7
27
39
45
9
37
47
43
27
25
41
31
7
3
1
39
13
21
7
49
27
15
43
11
27
11
13
31
15
9
11
31
41
1
35
1
47
11
45
19
1
37
13
35
41
35
37
45
37
5
47
31
5
43
13
41
29
47
17
23
31
19
37
49
11
11
19
3
45
43
45
25
41
27
37
27
19
19
43
43
5
49
39
41
43
33
1
49
39
33
39
45
9
47
41
25
25
29
45
7
27
47
31
19
21
13
23
27
49
39
37
25
9
21
45
17
1
3
1
21
13
37
47
45
49
33
47
29
7
27
35
27
29
39
11
15
35
19
47
17
15
41
3
49
7
1
43
47
1
25
29
47
29
39
23
31
17
25
47
47
1
33
29
31
11
45
7
33
39
27
3
25
17
27
43
19
25
19
33
31
35
23
15
29
31
25
23
11
47
31
7
13
19
35
35
45
1
45
11
1
15
25
3
45
25
3
29
5
11
15
35
